1112 6673
2 1112 1112
1 1112

2 1 3358 2246 5582 XOR
2 1 4258 3146 6482 XOR
2 1 4259 3147 6483 XOR
2 1 4260 3148 6484 XOR
2 1 4261 3149 6485 XOR
2 1 4262 3150 6486 XOR
2 1 4263 3151 6487 XOR
2 1 4264 3152 6488 XOR
2 1 4265 3153 6489 XOR
2 1 4266 3154 6490 XOR
2 1 4267 3155 6491 XOR
2 1 3359 2247 5583 XOR
2 1 4268 3156 6492 XOR
2 1 4269 3157 6493 XOR
2 1 4270 3158 6494 XOR
2 1 4271 3159 6495 XOR
2 1 4272 3160 6496 XOR
2 1 4273 3161 6497 XOR
2 1 4274 3162 6498 XOR
2 1 4275 3163 6499 XOR
2 1 4276 3164 6500 XOR
2 1 4277 3165 6501 XOR
2 1 3360 2248 5584 XOR
2 1 4278 3166 6502 XOR
2 1 4279 3167 6503 XOR
2 1 4280 3168 6504 XOR
2 1 4281 3169 6505 XOR
2 1 4282 3170 6506 XOR
2 1 4283 3171 6507 XOR
2 1 4284 3172 6508 XOR
2 1 4285 3173 6509 XOR
2 1 4286 3174 6510 XOR
2 1 4287 3175 6511 XOR
2 1 3361 2249 5585 XOR
2 1 4288 3176 6512 XOR
2 1 4289 3177 6513 XOR
2 1 4290 3178 6514 XOR
2 1 4291 3179 6515 XOR
2 1 4292 3180 6516 XOR
2 1 4293 3181 6517 XOR
2 1 4294 3182 6518 XOR
2 1 4295 3183 6519 XOR
2 1 4296 3184 6520 XOR
2 1 4297 3185 6521 XOR
2 1 3362 2250 5586 XOR
2 1 4298 3186 6522 XOR
2 1 4299 3187 6523 XOR
2 1 4300 3188 6524 XOR
2 1 4301 3189 6525 XOR
2 1 4302 3190 6526 XOR
2 1 4303 3191 6527 XOR
2 1 4304 3192 6528 XOR
2 1 4305 3193 6529 XOR
2 1 4306 3194 6530 XOR
2 1 4307 3195 6531 XOR
2 1 3363 2251 5587 XOR
2 1 4308 3196 6532 XOR
2 1 4309 3197 6533 XOR
2 1 4310 3198 6534 XOR
2 1 4311 3199 6535 XOR
2 1 4312 3200 6536 XOR
2 1 4313 3201 6537 XOR
2 1 4314 3202 6538 XOR
2 1 4315 3203 6539 XOR
2 1 4316 3204 6540 XOR
2 1 4317 3205 6541 XOR
2 1 3364 2252 5588 XOR
2 1 4318 3206 6542 XOR
2 1 4319 3207 6543 XOR
2 1 4320 3208 6544 XOR
2 1 4321 3209 6545 XOR
2 1 4322 3210 6546 XOR
2 1 4323 3211 6547 XOR
2 1 4324 3212 6548 XOR
2 1 4325 3213 6549 XOR
2 1 4326 3214 6550 XOR
2 1 4327 3215 6551 XOR
2 1 3365 2253 5589 XOR
2 1 4328 3216 6552 XOR
2 1 4329 3217 6553 XOR
2 1 4330 3218 6554 XOR
2 1 4331 3219 6555 XOR
2 1 4332 3220 6556 XOR
2 1 4333 3221 6557 XOR
2 1 4334 3222 6558 XOR
2 1 4335 3223 6559 XOR
2 1 4336 3224 6560 XOR
2 1 4337 3225 6561 XOR
2 1 3366 2254 5590 XOR
2 1 4338 3226 6562 XOR
2 1 4339 3227 6563 XOR
2 1 4340 3228 6564 XOR
2 1 4341 3229 6565 XOR
2 1 4342 3230 6566 XOR
2 1 4343 3231 6567 XOR
2 1 4344 3232 6568 XOR
2 1 4345 3233 6569 XOR
2 1 4346 3234 6570 XOR
2 1 4347 3235 6571 XOR
2 1 3367 2255 5591 XOR
2 1 4348 3236 6572 XOR
2 1 4349 3237 6573 XOR
2 1 4350 3238 6574 XOR
2 1 4351 3239 6575 XOR
2 1 4352 3240 6576 XOR
2 1 4353 3241 6577 XOR
2 1 4354 3242 6578 XOR
2 1 4355 3243 6579 XOR
2 1 4356 3244 6580 XOR
2 1 4357 3245 6581 XOR
2 1 3368 2256 5592 XOR
2 1 4358 3246 6582 XOR
2 1 4359 3247 6583 XOR
2 1 4360 3248 6584 XOR
2 1 4361 3249 6585 XOR
2 1 4362 3250 6586 XOR
2 1 4363 3251 6587 XOR
2 1 4364 3252 6588 XOR
2 1 4365 3253 6589 XOR
2 1 4366 3254 6590 XOR
2 1 4367 3255 6591 XOR
2 1 3369 2257 5593 XOR
2 1 4368 3256 6592 XOR
2 1 4369 3257 6593 XOR
2 1 4370 3258 6594 XOR
2 1 4371 3259 6595 XOR
2 1 4372 3260 6596 XOR
2 1 4373 3261 6597 XOR
2 1 4374 3262 6598 XOR
2 1 4375 3263 6599 XOR
2 1 4376 3264 6600 XOR
2 1 4377 3265 6601 XOR
2 1 3370 2258 5594 XOR
2 1 4378 3266 6602 XOR
2 1 4379 3267 6603 XOR
2 1 4380 3268 6604 XOR
2 1 4381 3269 6605 XOR
2 1 4382 3270 6606 XOR
2 1 4383 3271 6607 XOR
2 1 4384 3272 6608 XOR
2 1 4385 3273 6609 XOR
2 1 4386 3274 6610 XOR
2 1 4387 3275 6611 XOR
2 1 3371 2259 5595 XOR
2 1 4388 3276 6612 XOR
2 1 4389 3277 6613 XOR
2 1 4390 3278 6614 XOR
2 1 4391 3279 6615 XOR
2 1 4392 3280 6616 XOR
2 1 4393 3281 6617 XOR
2 1 4394 3282 6618 XOR
2 1 4395 3283 6619 XOR
2 1 4396 3284 6620 XOR
2 1 4397 3285 6621 XOR
2 1 3372 2260 5596 XOR
2 1 4398 3286 6622 XOR
2 1 4399 3287 6623 XOR
2 1 4400 3288 6624 XOR
2 1 4401 3289 6625 XOR
2 1 4402 3290 6626 XOR
2 1 4403 3291 6627 XOR
2 1 4404 3292 6628 XOR
2 1 4405 3293 6629 XOR
2 1 4406 3294 6630 XOR
2 1 4407 3295 6631 XOR
2 1 3373 2261 5597 XOR
2 1 4408 3296 6632 XOR
2 1 4409 3297 6633 XOR
2 1 4410 3298 6634 XOR
2 1 4411 3299 6635 XOR
2 1 4412 3300 6636 XOR
2 1 4413 3301 6637 XOR
2 1 4414 3302 6638 XOR
2 1 4415 3303 6639 XOR
2 1 4416 3304 6640 XOR
2 1 4417 3305 6641 XOR
2 1 3374 2262 5598 XOR
2 1 4418 3306 6642 XOR
2 1 4419 3307 6643 XOR
2 1 4420 3308 6644 XOR
2 1 4421 3309 6645 XOR
2 1 4422 3310 6646 XOR
2 1 4423 3311 6647 XOR
2 1 4424 3312 6648 XOR
2 1 4425 3313 6649 XOR
2 1 4426 3314 6650 XOR
2 1 4427 3315 6651 XOR
2 1 3375 2263 5599 XOR
2 1 4428 3316 6652 XOR
2 1 4429 3317 6653 XOR
2 1 4430 3318 6654 XOR
2 1 4431 3319 6655 XOR
2 1 4432 3320 6656 XOR
2 1 4433 3321 6657 XOR
2 1 4434 3322 6658 XOR
2 1 4435 3323 6659 XOR
2 1 4436 3324 6660 XOR
2 1 4437 3325 6661 XOR
2 1 3376 2264 5600 XOR
2 1 4438 3326 6662 XOR
2 1 4439 3327 6663 XOR
2 1 4440 3328 6664 XOR
2 1 4441 3329 6665 XOR
2 1 4442 3330 6666 XOR
2 1 4443 3331 6667 XOR
2 1 4444 3332 6668 XOR
2 1 4445 3333 6669 XOR
2 1 4446 3334 6670 XOR
2 1 4447 3335 6671 XOR
2 1 3377 2265 5601 XOR
2 1 4448 3336 6672 XOR
2 1 3378 2266 5602 XOR
2 1 3379 2267 5603 XOR
2 1 3380 2268 5604 XOR
2 1 3381 2269 5605 XOR
2 1 3382 2270 5606 XOR
2 1 3383 2271 5607 XOR
2 1 3384 2272 5608 XOR
2 1 3385 2273 5609 XOR
2 1 3386 2274 5610 XOR
2 1 3387 2275 5611 XOR
2 1 3388 2276 5612 XOR
2 1 3389 2277 5613 XOR
2 1 3390 2278 5614 XOR
2 1 3391 2279 5615 XOR
2 1 3392 2280 5616 XOR
2 1 3393 2281 5617 XOR
2 1 3394 2282 5618 XOR
2 1 3395 2283 5619 XOR
2 1 3396 2284 5620 XOR
2 1 3397 2285 5621 XOR
2 1 3398 2286 5622 XOR
2 1 3399 2287 5623 XOR
2 1 3400 2288 5624 XOR
2 1 3401 2289 5625 XOR
2 1 3402 2290 5626 XOR
2 1 3403 2291 5627 XOR
2 1 3404 2292 5628 XOR
2 1 3405 2293 5629 XOR
2 1 3406 2294 5630 XOR
2 1 3407 2295 5631 XOR
2 1 3408 2296 5632 XOR
2 1 3409 2297 5633 XOR
2 1 3410 2298 5634 XOR
2 1 3411 2299 5635 XOR
2 1 3412 2300 5636 XOR
2 1 3413 2301 5637 XOR
2 1 3414 2302 5638 XOR
2 1 3415 2303 5639 XOR
2 1 3416 2304 5640 XOR
2 1 3417 2305 5641 XOR
2 1 3418 2306 5642 XOR
2 1 3419 2307 5643 XOR
2 1 3420 2308 5644 XOR
2 1 3421 2309 5645 XOR
2 1 3422 2310 5646 XOR
2 1 3423 2311 5647 XOR
2 1 3424 2312 5648 XOR
2 1 3425 2313 5649 XOR
2 1 3426 2314 5650 XOR
2 1 3427 2315 5651 XOR
2 1 3428 2316 5652 XOR
2 1 3429 2317 5653 XOR
2 1 3430 2318 5654 XOR
2 1 3431 2319 5655 XOR
2 1 3432 2320 5656 XOR
2 1 3433 2321 5657 XOR
2 1 3434 2322 5658 XOR
2 1 3435 2323 5659 XOR
2 1 3436 2324 5660 XOR
2 1 3437 2325 5661 XOR
2 1 3438 2326 5662 XOR
2 1 3439 2327 5663 XOR
2 1 3440 2328 5664 XOR
2 1 3441 2329 5665 XOR
2 1 3442 2330 5666 XOR
2 1 3443 2331 5667 XOR
2 1 3444 2332 5668 XOR
2 1 3445 2333 5669 XOR
2 1 3446 2334 5670 XOR
2 1 3447 2335 5671 XOR
2 1 3448 2336 5672 XOR
2 1 3449 2337 5673 XOR
2 1 3450 2338 5674 XOR
2 1 3451 2339 5675 XOR
2 1 3452 2340 5676 XOR
2 1 3453 2341 5677 XOR
2 1 3454 2342 5678 XOR
2 1 3455 2343 5679 XOR
2 1 3456 2344 5680 XOR
2 1 3457 2345 5681 XOR
2 1 3458 2346 5682 XOR
2 1 3459 2347 5683 XOR
2 1 3460 2348 5684 XOR
2 1 3461 2349 5685 XOR
2 1 3462 2350 5686 XOR
2 1 3463 2351 5687 XOR
2 1 3464 2352 5688 XOR
2 1 3465 2353 5689 XOR
2 1 3466 2354 5690 XOR
2 1 3467 2355 5691 XOR
2 1 3468 2356 5692 XOR
2 1 3469 2357 5693 XOR
2 1 3470 2358 5694 XOR
2 1 3471 2359 5695 XOR
2 1 3472 2360 5696 XOR
2 1 3473 2361 5697 XOR
2 1 3474 2362 5698 XOR
2 1 3475 2363 5699 XOR
2 1 3476 2364 5700 XOR
2 1 3477 2365 5701 XOR
2 1 3478 2366 5702 XOR
2 1 3479 2367 5703 XOR
2 1 3480 2368 5704 XOR
2 1 3481 2369 5705 XOR
2 1 3482 2370 5706 XOR
2 1 3483 2371 5707 XOR
2 1 3484 2372 5708 XOR
2 1 3485 2373 5709 XOR
2 1 3486 2374 5710 XOR
2 1 3487 2375 5711 XOR
2 1 3488 2376 5712 XOR
2 1 3489 2377 5713 XOR
2 1 3490 2378 5714 XOR
2 1 3491 2379 5715 XOR
2 1 3492 2380 5716 XOR
2 1 3493 2381 5717 XOR
2 1 3494 2382 5718 XOR
2 1 3495 2383 5719 XOR
2 1 3496 2384 5720 XOR
2 1 3497 2385 5721 XOR
2 1 3498 2386 5722 XOR
2 1 3499 2387 5723 XOR
2 1 3500 2388 5724 XOR
2 1 3501 2389 5725 XOR
2 1 3502 2390 5726 XOR
2 1 3503 2391 5727 XOR
2 1 3504 2392 5728 XOR
2 1 3505 2393 5729 XOR
2 1 3506 2394 5730 XOR
2 1 3507 2395 5731 XOR
2 1 3508 2396 5732 XOR
2 1 3509 2397 5733 XOR
2 1 3510 2398 5734 XOR
2 1 3511 2399 5735 XOR
2 1 3512 2400 5736 XOR
2 1 3513 2401 5737 XOR
2 1 3514 2402 5738 XOR
2 1 3515 2403 5739 XOR
2 1 3516 2404 5740 XOR
2 1 3517 2405 5741 XOR
2 1 3518 2406 5742 XOR
2 1 3519 2407 5743 XOR
2 1 3520 2408 5744 XOR
2 1 3521 2409 5745 XOR
2 1 3522 2410 5746 XOR
2 1 3523 2411 5747 XOR
2 1 3524 2412 5748 XOR
2 1 3525 2413 5749 XOR
2 1 3526 2414 5750 XOR
2 1 3527 2415 5751 XOR
2 1 3528 2416 5752 XOR
2 1 3529 2417 5753 XOR
2 1 3530 2418 5754 XOR
2 1 3531 2419 5755 XOR
2 1 3532 2420 5756 XOR
2 1 3533 2421 5757 XOR
2 1 3534 2422 5758 XOR
2 1 3535 2423 5759 XOR
2 1 3536 2424 5760 XOR
2 1 3537 2425 5761 XOR
2 1 3538 2426 5762 XOR
2 1 3539 2427 5763 XOR
2 1 3540 2428 5764 XOR
2 1 3541 2429 5765 XOR
2 1 3542 2430 5766 XOR
2 1 3543 2431 5767 XOR
2 1 3544 2432 5768 XOR
2 1 3545 2433 5769 XOR
2 1 3546 2434 5770 XOR
2 1 3547 2435 5771 XOR
2 1 3548 2436 5772 XOR
2 1 3549 2437 5773 XOR
2 1 3550 2438 5774 XOR
2 1 3551 2439 5775 XOR
2 1 3552 2440 5776 XOR
2 1 3553 2441 5777 XOR
2 1 3554 2442 5778 XOR
2 1 3555 2443 5779 XOR
2 1 3556 2444 5780 XOR
2 1 3557 2445 5781 XOR
2 1 3558 2446 5782 XOR
2 1 3559 2447 5783 XOR
2 1 3560 2448 5784 XOR
2 1 3561 2449 5785 XOR
2 1 3562 2450 5786 XOR
2 1 3563 2451 5787 XOR
2 1 3564 2452 5788 XOR
2 1 3565 2453 5789 XOR
2 1 3566 2454 5790 XOR
2 1 3567 2455 5791 XOR
2 1 3568 2456 5792 XOR
2 1 3569 2457 5793 XOR
2 1 3570 2458 5794 XOR
2 1 3571 2459 5795 XOR
2 1 3572 2460 5796 XOR
2 1 3573 2461 5797 XOR
2 1 3574 2462 5798 XOR
2 1 3575 2463 5799 XOR
2 1 3576 2464 5800 XOR
2 1 3577 2465 5801 XOR
2 1 3578 2466 5802 XOR
2 1 3579 2467 5803 XOR
2 1 3580 2468 5804 XOR
2 1 3581 2469 5805 XOR
2 1 3582 2470 5806 XOR
2 1 3583 2471 5807 XOR
2 1 3584 2472 5808 XOR
2 1 3585 2473 5809 XOR
2 1 3586 2474 5810 XOR
2 1 3587 2475 5811 XOR
2 1 3588 2476 5812 XOR
2 1 3589 2477 5813 XOR
2 1 3590 2478 5814 XOR
2 1 3591 2479 5815 XOR
2 1 3592 2480 5816 XOR
2 1 3593 2481 5817 XOR
2 1 3594 2482 5818 XOR
2 1 3595 2483 5819 XOR
2 1 3596 2484 5820 XOR
2 1 3597 2485 5821 XOR
2 1 3598 2486 5822 XOR
2 1 3599 2487 5823 XOR
2 1 3600 2488 5824 XOR
2 1 3601 2489 5825 XOR
2 1 3602 2490 5826 XOR
2 1 3603 2491 5827 XOR
2 1 3604 2492 5828 XOR
2 1 3605 2493 5829 XOR
2 1 3606 2494 5830 XOR
2 1 3607 2495 5831 XOR
2 1 3608 2496 5832 XOR
2 1 3609 2497 5833 XOR
2 1 3610 2498 5834 XOR
2 1 3611 2499 5835 XOR
2 1 3612 2500 5836 XOR
2 1 3613 2501 5837 XOR
2 1 3614 2502 5838 XOR
2 1 3615 2503 5839 XOR
2 1 3616 2504 5840 XOR
2 1 3617 2505 5841 XOR
2 1 3618 2506 5842 XOR
2 1 3619 2507 5843 XOR
2 1 3620 2508 5844 XOR
2 1 3621 2509 5845 XOR
2 1 3622 2510 5846 XOR
2 1 3623 2511 5847 XOR
2 1 3624 2512 5848 XOR
2 1 3625 2513 5849 XOR
2 1 3626 2514 5850 XOR
2 1 3627 2515 5851 XOR
2 1 3628 2516 5852 XOR
2 1 3629 2517 5853 XOR
2 1 3630 2518 5854 XOR
2 1 3631 2519 5855 XOR
2 1 3632 2520 5856 XOR
2 1 3633 2521 5857 XOR
2 1 3634 2522 5858 XOR
2 1 3635 2523 5859 XOR
2 1 3636 2524 5860 XOR
2 1 3637 2525 5861 XOR
2 1 3638 2526 5862 XOR
2 1 3639 2527 5863 XOR
2 1 3640 2528 5864 XOR
2 1 3641 2529 5865 XOR
2 1 3642 2530 5866 XOR
2 1 3643 2531 5867 XOR
2 1 3644 2532 5868 XOR
2 1 3645 2533 5869 XOR
2 1 3646 2534 5870 XOR
2 1 3647 2535 5871 XOR
2 1 3648 2536 5872 XOR
2 1 3649 2537 5873 XOR
2 1 3650 2538 5874 XOR
2 1 3651 2539 5875 XOR
2 1 3652 2540 5876 XOR
2 1 3653 2541 5877 XOR
2 1 3654 2542 5878 XOR
2 1 3655 2543 5879 XOR
2 1 3656 2544 5880 XOR
2 1 3657 2545 5881 XOR
2 1 3658 2546 5882 XOR
2 1 3659 2547 5883 XOR
2 1 3660 2548 5884 XOR
2 1 3661 2549 5885 XOR
2 1 3662 2550 5886 XOR
2 1 3663 2551 5887 XOR
2 1 3664 2552 5888 XOR
2 1 3665 2553 5889 XOR
2 1 3666 2554 5890 XOR
2 1 3667 2555 5891 XOR
2 1 3668 2556 5892 XOR
2 1 3669 2557 5893 XOR
2 1 3670 2558 5894 XOR
2 1 3671 2559 5895 XOR
2 1 3672 2560 5896 XOR
2 1 3673 2561 5897 XOR
2 1 3674 2562 5898 XOR
2 1 3675 2563 5899 XOR
2 1 3676 2564 5900 XOR
2 1 3677 2565 5901 XOR
2 1 3678 2566 5902 XOR
2 1 3679 2567 5903 XOR
2 1 3680 2568 5904 XOR
2 1 3681 2569 5905 XOR
2 1 3682 2570 5906 XOR
2 1 3683 2571 5907 XOR
2 1 3684 2572 5908 XOR
2 1 3685 2573 5909 XOR
2 1 3686 2574 5910 XOR
2 1 3687 2575 5911 XOR
2 1 3688 2576 5912 XOR
2 1 3689 2577 5913 XOR
2 1 3690 2578 5914 XOR
2 1 3691 2579 5915 XOR
2 1 3692 2580 5916 XOR
2 1 3693 2581 5917 XOR
2 1 3694 2582 5918 XOR
2 1 3695 2583 5919 XOR
2 1 3696 2584 5920 XOR
2 1 3697 2585 5921 XOR
2 1 3698 2586 5922 XOR
2 1 3699 2587 5923 XOR
2 1 3700 2588 5924 XOR
2 1 3701 2589 5925 XOR
2 1 3702 2590 5926 XOR
2 1 3703 2591 5927 XOR
2 1 3704 2592 5928 XOR
2 1 3705 2593 5929 XOR
2 1 3706 2594 5930 XOR
2 1 3707 2595 5931 XOR
2 1 3708 2596 5932 XOR
2 1 3709 2597 5933 XOR
2 1 3710 2598 5934 XOR
2 1 3711 2599 5935 XOR
2 1 3712 2600 5936 XOR
2 1 3713 2601 5937 XOR
2 1 3714 2602 5938 XOR
2 1 3715 2603 5939 XOR
2 1 3716 2604 5940 XOR
2 1 3717 2605 5941 XOR
2 1 3718 2606 5942 XOR
2 1 3719 2607 5943 XOR
2 1 3720 2608 5944 XOR
2 1 3721 2609 5945 XOR
2 1 3722 2610 5946 XOR
2 1 3723 2611 5947 XOR
2 1 3724 2612 5948 XOR
2 1 3725 2613 5949 XOR
2 1 3726 2614 5950 XOR
2 1 3727 2615 5951 XOR
2 1 3728 2616 5952 XOR
2 1 3729 2617 5953 XOR
2 1 3730 2618 5954 XOR
2 1 3731 2619 5955 XOR
2 1 3732 2620 5956 XOR
2 1 3733 2621 5957 XOR
2 1 3734 2622 5958 XOR
2 1 3735 2623 5959 XOR
2 1 3736 2624 5960 XOR
2 1 3737 2625 5961 XOR
2 1 3738 2626 5962 XOR
2 1 3739 2627 5963 XOR
2 1 3740 2628 5964 XOR
2 1 3741 2629 5965 XOR
2 1 3742 2630 5966 XOR
2 1 3743 2631 5967 XOR
2 1 3744 2632 5968 XOR
2 1 3745 2633 5969 XOR
2 1 3746 2634 5970 XOR
2 1 3747 2635 5971 XOR
2 1 3748 2636 5972 XOR
2 1 3749 2637 5973 XOR
2 1 3750 2638 5974 XOR
2 1 3751 2639 5975 XOR
2 1 3752 2640 5976 XOR
2 1 3753 2641 5977 XOR
2 1 3754 2642 5978 XOR
2 1 3755 2643 5979 XOR
2 1 3756 2644 5980 XOR
2 1 3757 2645 5981 XOR
2 1 3758 2646 5982 XOR
2 1 3759 2647 5983 XOR
2 1 3760 2648 5984 XOR
2 1 3761 2649 5985 XOR
2 1 3762 2650 5986 XOR
2 1 3763 2651 5987 XOR
2 1 3764 2652 5988 XOR
2 1 3765 2653 5989 XOR
2 1 3766 2654 5990 XOR
2 1 3767 2655 5991 XOR
2 1 3768 2656 5992 XOR
2 1 3769 2657 5993 XOR
2 1 3770 2658 5994 XOR
2 1 3771 2659 5995 XOR
2 1 3772 2660 5996 XOR
2 1 3773 2661 5997 XOR
2 1 3774 2662 5998 XOR
2 1 3775 2663 5999 XOR
2 1 3776 2664 6000 XOR
2 1 3777 2665 6001 XOR
2 1 3778 2666 6002 XOR
2 1 3779 2667 6003 XOR
2 1 3780 2668 6004 XOR
2 1 3781 2669 6005 XOR
2 1 3782 2670 6006 XOR
2 1 3783 2671 6007 XOR
2 1 3784 2672 6008 XOR
2 1 3785 2673 6009 XOR
2 1 3786 2674 6010 XOR
2 1 3787 2675 6011 XOR
2 1 3788 2676 6012 XOR
2 1 3789 2677 6013 XOR
2 1 3790 2678 6014 XOR
2 1 3791 2679 6015 XOR
2 1 3792 2680 6016 XOR
2 1 3793 2681 6017 XOR
2 1 3794 2682 6018 XOR
2 1 3795 2683 6019 XOR
2 1 3796 2684 6020 XOR
2 1 3797 2685 6021 XOR
2 1 3798 2686 6022 XOR
2 1 3799 2687 6023 XOR
2 1 3800 2688 6024 XOR
2 1 3801 2689 6025 XOR
2 1 3802 2690 6026 XOR
2 1 3803 2691 6027 XOR
2 1 3804 2692 6028 XOR
2 1 3805 2693 6029 XOR
2 1 3806 2694 6030 XOR
2 1 3807 2695 6031 XOR
2 1 3808 2696 6032 XOR
2 1 3809 2697 6033 XOR
2 1 3810 2698 6034 XOR
2 1 3811 2699 6035 XOR
2 1 3812 2700 6036 XOR
2 1 3813 2701 6037 XOR
2 1 3814 2702 6038 XOR
2 1 3815 2703 6039 XOR
2 1 3816 2704 6040 XOR
2 1 3817 2705 6041 XOR
2 1 3818 2706 6042 XOR
2 1 3819 2707 6043 XOR
2 1 3820 2708 6044 XOR
2 1 3821 2709 6045 XOR
2 1 3822 2710 6046 XOR
2 1 3823 2711 6047 XOR
2 1 3824 2712 6048 XOR
2 1 3825 2713 6049 XOR
2 1 3826 2714 6050 XOR
2 1 3827 2715 6051 XOR
2 1 3828 2716 6052 XOR
2 1 3829 2717 6053 XOR
2 1 3830 2718 6054 XOR
2 1 3831 2719 6055 XOR
2 1 3832 2720 6056 XOR
2 1 3833 2721 6057 XOR
2 1 3834 2722 6058 XOR
2 1 3835 2723 6059 XOR
2 1 3836 2724 6060 XOR
2 1 3837 2725 6061 XOR
2 1 3838 2726 6062 XOR
2 1 3839 2727 6063 XOR
2 1 3840 2728 6064 XOR
2 1 3841 2729 6065 XOR
2 1 3842 2730 6066 XOR
2 1 3843 2731 6067 XOR
2 1 3844 2732 6068 XOR
2 1 3845 2733 6069 XOR
2 1 3846 2734 6070 XOR
2 1 3847 2735 6071 XOR
2 1 3848 2736 6072 XOR
2 1 3849 2737 6073 XOR
2 1 3850 2738 6074 XOR
2 1 3851 2739 6075 XOR
2 1 3852 2740 6076 XOR
2 1 3853 2741 6077 XOR
2 1 3854 2742 6078 XOR
2 1 3855 2743 6079 XOR
2 1 3856 2744 6080 XOR
2 1 3857 2745 6081 XOR
2 1 3858 2746 6082 XOR
2 1 3859 2747 6083 XOR
2 1 3860 2748 6084 XOR
2 1 3861 2749 6085 XOR
2 1 3862 2750 6086 XOR
2 1 3863 2751 6087 XOR
2 1 3864 2752 6088 XOR
2 1 3865 2753 6089 XOR
2 1 3866 2754 6090 XOR
2 1 3867 2755 6091 XOR
2 1 3868 2756 6092 XOR
2 1 3869 2757 6093 XOR
2 1 3870 2758 6094 XOR
2 1 3871 2759 6095 XOR
2 1 3872 2760 6096 XOR
2 1 3873 2761 6097 XOR
2 1 3874 2762 6098 XOR
2 1 3875 2763 6099 XOR
2 1 3876 2764 6100 XOR
2 1 3877 2765 6101 XOR
2 1 3878 2766 6102 XOR
2 1 3879 2767 6103 XOR
2 1 3880 2768 6104 XOR
2 1 3881 2769 6105 XOR
2 1 3882 2770 6106 XOR
2 1 3883 2771 6107 XOR
2 1 3884 2772 6108 XOR
2 1 3885 2773 6109 XOR
2 1 3886 2774 6110 XOR
2 1 3887 2775 6111 XOR
2 1 3888 2776 6112 XOR
2 1 3889 2777 6113 XOR
2 1 3890 2778 6114 XOR
2 1 3891 2779 6115 XOR
2 1 3892 2780 6116 XOR
2 1 3893 2781 6117 XOR
2 1 3894 2782 6118 XOR
2 1 3895 2783 6119 XOR
2 1 3896 2784 6120 XOR
2 1 3897 2785 6121 XOR
2 1 3898 2786 6122 XOR
2 1 3899 2787 6123 XOR
2 1 3900 2788 6124 XOR
2 1 3901 2789 6125 XOR
2 1 3902 2790 6126 XOR
2 1 3903 2791 6127 XOR
2 1 3904 2792 6128 XOR
2 1 3905 2793 6129 XOR
2 1 3906 2794 6130 XOR
2 1 3907 2795 6131 XOR
2 1 3908 2796 6132 XOR
2 1 3909 2797 6133 XOR
2 1 3910 2798 6134 XOR
2 1 3911 2799 6135 XOR
2 1 3912 2800 6136 XOR
2 1 3913 2801 6137 XOR
2 1 3914 2802 6138 XOR
2 1 3915 2803 6139 XOR
2 1 3916 2804 6140 XOR
2 1 3917 2805 6141 XOR
2 1 3918 2806 6142 XOR
2 1 3919 2807 6143 XOR
2 1 3920 2808 6144 XOR
2 1 3921 2809 6145 XOR
2 1 3922 2810 6146 XOR
2 1 3923 2811 6147 XOR
2 1 3924 2812 6148 XOR
2 1 3925 2813 6149 XOR
2 1 3926 2814 6150 XOR
2 1 3927 2815 6151 XOR
2 1 3928 2816 6152 XOR
2 1 3929 2817 6153 XOR
2 1 3930 2818 6154 XOR
2 1 3931 2819 6155 XOR
2 1 3932 2820 6156 XOR
2 1 3933 2821 6157 XOR
2 1 3934 2822 6158 XOR
2 1 3935 2823 6159 XOR
2 1 3936 2824 6160 XOR
2 1 3937 2825 6161 XOR
2 1 3938 2826 6162 XOR
2 1 3939 2827 6163 XOR
2 1 3940 2828 6164 XOR
2 1 3941 2829 6165 XOR
2 1 3942 2830 6166 XOR
2 1 3943 2831 6167 XOR
2 1 3944 2832 6168 XOR
2 1 3945 2833 6169 XOR
2 1 3946 2834 6170 XOR
2 1 3947 2835 6171 XOR
2 1 3948 2836 6172 XOR
2 1 3949 2837 6173 XOR
2 1 3950 2838 6174 XOR
2 1 3951 2839 6175 XOR
2 1 3952 2840 6176 XOR
2 1 3953 2841 6177 XOR
2 1 3954 2842 6178 XOR
2 1 3955 2843 6179 XOR
2 1 3956 2844 6180 XOR
2 1 3957 2845 6181 XOR
2 1 3958 2846 6182 XOR
2 1 3959 2847 6183 XOR
2 1 3960 2848 6184 XOR
2 1 3961 2849 6185 XOR
2 1 3962 2850 6186 XOR
2 1 3963 2851 6187 XOR
2 1 3964 2852 6188 XOR
2 1 3965 2853 6189 XOR
2 1 3966 2854 6190 XOR
2 1 3967 2855 6191 XOR
2 1 3968 2856 6192 XOR
2 1 3969 2857 6193 XOR
2 1 3970 2858 6194 XOR
2 1 3971 2859 6195 XOR
2 1 3972 2860 6196 XOR
2 1 3973 2861 6197 XOR
2 1 3974 2862 6198 XOR
2 1 3975 2863 6199 XOR
2 1 3976 2864 6200 XOR
2 1 3977 2865 6201 XOR
2 1 3978 2866 6202 XOR
2 1 3979 2867 6203 XOR
2 1 3980 2868 6204 XOR
2 1 3981 2869 6205 XOR
2 1 3982 2870 6206 XOR
2 1 3983 2871 6207 XOR
2 1 3984 2872 6208 XOR
2 1 3985 2873 6209 XOR
2 1 3986 2874 6210 XOR
2 1 3987 2875 6211 XOR
2 1 3988 2876 6212 XOR
2 1 3989 2877 6213 XOR
2 1 3990 2878 6214 XOR
2 1 3991 2879 6215 XOR
2 1 3992 2880 6216 XOR
2 1 3993 2881 6217 XOR
2 1 3994 2882 6218 XOR
2 1 3995 2883 6219 XOR
2 1 3996 2884 6220 XOR
2 1 3997 2885 6221 XOR
2 1 3998 2886 6222 XOR
2 1 3999 2887 6223 XOR
2 1 4000 2888 6224 XOR
2 1 4001 2889 6225 XOR
2 1 4002 2890 6226 XOR
2 1 4003 2891 6227 XOR
2 1 4004 2892 6228 XOR
2 1 4005 2893 6229 XOR
2 1 4006 2894 6230 XOR
2 1 4007 2895 6231 XOR
2 1 4008 2896 6232 XOR
2 1 4009 2897 6233 XOR
2 1 4010 2898 6234 XOR
2 1 4011 2899 6235 XOR
2 1 4012 2900 6236 XOR
2 1 4013 2901 6237 XOR
2 1 4014 2902 6238 XOR
2 1 4015 2903 6239 XOR
2 1 4016 2904 6240 XOR
2 1 4017 2905 6241 XOR
2 1 4018 2906 6242 XOR
2 1 4019 2907 6243 XOR
2 1 4020 2908 6244 XOR
2 1 4021 2909 6245 XOR
2 1 4022 2910 6246 XOR
2 1 4023 2911 6247 XOR
2 1 4024 2912 6248 XOR
2 1 4025 2913 6249 XOR
2 1 4026 2914 6250 XOR
2 1 4027 2915 6251 XOR
2 1 4028 2916 6252 XOR
2 1 4029 2917 6253 XOR
2 1 4030 2918 6254 XOR
2 1 4031 2919 6255 XOR
2 1 4032 2920 6256 XOR
2 1 4033 2921 6257 XOR
2 1 4034 2922 6258 XOR
2 1 4035 2923 6259 XOR
2 1 4036 2924 6260 XOR
2 1 4037 2925 6261 XOR
2 1 4038 2926 6262 XOR
2 1 4039 2927 6263 XOR
2 1 4040 2928 6264 XOR
2 1 4041 2929 6265 XOR
2 1 4042 2930 6266 XOR
2 1 4043 2931 6267 XOR
2 1 4044 2932 6268 XOR
2 1 4045 2933 6269 XOR
2 1 4046 2934 6270 XOR
2 1 4047 2935 6271 XOR
2 1 3337 2225 5561 XOR
2 1 4048 2936 6272 XOR
2 1 4049 2937 6273 XOR
2 1 4050 2938 6274 XOR
2 1 4051 2939 6275 XOR
2 1 4052 2940 6276 XOR
2 1 4053 2941 6277 XOR
2 1 4054 2942 6278 XOR
2 1 4055 2943 6279 XOR
2 1 4056 2944 6280 XOR
2 1 4057 2945 6281 XOR
2 1 3338 2226 5562 XOR
2 1 4058 2946 6282 XOR
2 1 4059 2947 6283 XOR
2 1 4060 2948 6284 XOR
2 1 4061 2949 6285 XOR
2 1 4062 2950 6286 XOR
2 1 4063 2951 6287 XOR
2 1 4064 2952 6288 XOR
2 1 4065 2953 6289 XOR
2 1 4066 2954 6290 XOR
2 1 4067 2955 6291 XOR
2 1 3339 2227 5563 XOR
2 1 4068 2956 6292 XOR
2 1 4069 2957 6293 XOR
2 1 4070 2958 6294 XOR
2 1 4071 2959 6295 XOR
2 1 4072 2960 6296 XOR
2 1 4073 2961 6297 XOR
2 1 4074 2962 6298 XOR
2 1 4075 2963 6299 XOR
2 1 4076 2964 6300 XOR
2 1 4077 2965 6301 XOR
2 1 3340 2228 5564 XOR
2 1 4078 2966 6302 XOR
2 1 4079 2967 6303 XOR
2 1 4080 2968 6304 XOR
2 1 4081 2969 6305 XOR
2 1 4082 2970 6306 XOR
2 1 4083 2971 6307 XOR
2 1 4084 2972 6308 XOR
2 1 4085 2973 6309 XOR
2 1 4086 2974 6310 XOR
2 1 4087 2975 6311 XOR
2 1 3341 2229 5565 XOR
2 1 4088 2976 6312 XOR
2 1 4089 2977 6313 XOR
2 1 4090 2978 6314 XOR
2 1 4091 2979 6315 XOR
2 1 4092 2980 6316 XOR
2 1 4093 2981 6317 XOR
2 1 4094 2982 6318 XOR
2 1 4095 2983 6319 XOR
2 1 4096 2984 6320 XOR
2 1 4097 2985 6321 XOR
2 1 3342 2230 5566 XOR
2 1 4098 2986 6322 XOR
2 1 4099 2987 6323 XOR
2 1 4100 2988 6324 XOR
2 1 4101 2989 6325 XOR
2 1 4102 2990 6326 XOR
2 1 4103 2991 6327 XOR
2 1 4104 2992 6328 XOR
2 1 4105 2993 6329 XOR
2 1 4106 2994 6330 XOR
2 1 4107 2995 6331 XOR
2 1 3343 2231 5567 XOR
2 1 4108 2996 6332 XOR
2 1 4109 2997 6333 XOR
2 1 4110 2998 6334 XOR
2 1 4111 2999 6335 XOR
2 1 4112 3000 6336 XOR
2 1 4113 3001 6337 XOR
2 1 4114 3002 6338 XOR
2 1 4115 3003 6339 XOR
2 1 4116 3004 6340 XOR
2 1 4117 3005 6341 XOR
2 1 3344 2232 5568 XOR
2 1 4118 3006 6342 XOR
2 1 4119 3007 6343 XOR
2 1 4120 3008 6344 XOR
2 1 4121 3009 6345 XOR
2 1 4122 3010 6346 XOR
2 1 4123 3011 6347 XOR
2 1 4124 3012 6348 XOR
2 1 4125 3013 6349 XOR
2 1 4126 3014 6350 XOR
2 1 4127 3015 6351 XOR
2 1 3345 2233 5569 XOR
2 1 4128 3016 6352 XOR
2 1 4129 3017 6353 XOR
2 1 4130 3018 6354 XOR
2 1 4131 3019 6355 XOR
2 1 4132 3020 6356 XOR
2 1 4133 3021 6357 XOR
2 1 4134 3022 6358 XOR
2 1 4135 3023 6359 XOR
2 1 4136 3024 6360 XOR
2 1 4137 3025 6361 XOR
2 1 3346 2234 5570 XOR
2 1 4138 3026 6362 XOR
2 1 4139 3027 6363 XOR
2 1 4140 3028 6364 XOR
2 1 4141 3029 6365 XOR
2 1 4142 3030 6366 XOR
2 1 4143 3031 6367 XOR
2 1 4144 3032 6368 XOR
2 1 4145 3033 6369 XOR
2 1 4146 3034 6370 XOR
2 1 4147 3035 6371 XOR
2 1 3347 2235 5571 XOR
2 1 4148 3036 6372 XOR
2 1 4149 3037 6373 XOR
2 1 4150 3038 6374 XOR
2 1 4151 3039 6375 XOR
2 1 4152 3040 6376 XOR
2 1 4153 3041 6377 XOR
2 1 4154 3042 6378 XOR
2 1 4155 3043 6379 XOR
2 1 4156 3044 6380 XOR
2 1 4157 3045 6381 XOR
2 1 3348 2236 5572 XOR
2 1 4158 3046 6382 XOR
2 1 4159 3047 6383 XOR
2 1 4160 3048 6384 XOR
2 1 4161 3049 6385 XOR
2 1 4162 3050 6386 XOR
2 1 4163 3051 6387 XOR
2 1 4164 3052 6388 XOR
2 1 4165 3053 6389 XOR
2 1 4166 3054 6390 XOR
2 1 4167 3055 6391 XOR
2 1 3349 2237 5573 XOR
2 1 4168 3056 6392 XOR
2 1 4169 3057 6393 XOR
2 1 4170 3058 6394 XOR
2 1 4171 3059 6395 XOR
2 1 4172 3060 6396 XOR
2 1 4173 3061 6397 XOR
2 1 4174 3062 6398 XOR
2 1 4175 3063 6399 XOR
2 1 4176 3064 6400 XOR
2 1 4177 3065 6401 XOR
2 1 3350 2238 5574 XOR
2 1 4178 3066 6402 XOR
2 1 4179 3067 6403 XOR
2 1 4180 3068 6404 XOR
2 1 4181 3069 6405 XOR
2 1 4182 3070 6406 XOR
2 1 4183 3071 6407 XOR
2 1 4184 3072 6408 XOR
2 1 4185 3073 6409 XOR
2 1 4186 3074 6410 XOR
2 1 4187 3075 6411 XOR
2 1 3351 2239 5575 XOR
2 1 4188 3076 6412 XOR
2 1 4189 3077 6413 XOR
2 1 4190 3078 6414 XOR
2 1 4191 3079 6415 XOR
2 1 4192 3080 6416 XOR
2 1 4193 3081 6417 XOR
2 1 4194 3082 6418 XOR
2 1 4195 3083 6419 XOR
2 1 4196 3084 6420 XOR
2 1 4197 3085 6421 XOR
2 1 3352 2240 5576 XOR
2 1 4198 3086 6422 XOR
2 1 4199 3087 6423 XOR
2 1 4200 3088 6424 XOR
2 1 4201 3089 6425 XOR
2 1 4202 3090 6426 XOR
2 1 4203 3091 6427 XOR
2 1 4204 3092 6428 XOR
2 1 4205 3093 6429 XOR
2 1 4206 3094 6430 XOR
2 1 4207 3095 6431 XOR
2 1 3353 2241 5577 XOR
2 1 4208 3096 6432 XOR
2 1 4209 3097 6433 XOR
2 1 4210 3098 6434 XOR
2 1 4211 3099 6435 XOR
2 1 4212 3100 6436 XOR
2 1 4213 3101 6437 XOR
2 1 4214 3102 6438 XOR
2 1 4215 3103 6439 XOR
2 1 4216 3104 6440 XOR
2 1 4217 3105 6441 XOR
2 1 3354 2242 5578 XOR
2 1 4218 3106 6442 XOR
2 1 4219 3107 6443 XOR
2 1 4220 3108 6444 XOR
2 1 4221 3109 6445 XOR
2 1 4222 3110 6446 XOR
2 1 4223 3111 6447 XOR
2 1 4224 3112 6448 XOR
2 1 4225 3113 6449 XOR
2 1 4226 3114 6450 XOR
2 1 4227 3115 6451 XOR
2 1 3355 2243 5579 XOR
2 1 4228 3116 6452 XOR
2 1 4229 3117 6453 XOR
2 1 4230 3118 6454 XOR
2 1 4231 3119 6455 XOR
2 1 4232 3120 6456 XOR
2 1 4233 3121 6457 XOR
2 1 4234 3122 6458 XOR
2 1 4235 3123 6459 XOR
2 1 4236 3124 6460 XOR
2 1 4237 3125 6461 XOR
2 1 3356 2244 5580 XOR
2 1 4238 3126 6462 XOR
2 1 4239 3127 6463 XOR
2 1 4240 3128 6464 XOR
2 1 4241 3129 6465 XOR
2 1 4242 3130 6466 XOR
2 1 4243 3131 6467 XOR
2 1 4244 3132 6468 XOR
2 1 4245 3133 6469 XOR
2 1 4246 3134 6470 XOR
2 1 4247 3135 6471 XOR
2 1 3357 2245 5581 XOR
2 1 4248 3136 6472 XOR
2 1 4249 3137 6473 XOR
2 1 4250 3138 6474 XOR
2 1 4251 3139 6475 XOR
2 1 4252 3140 6476 XOR
2 1 4253 3141 6477 XOR
2 1 4254 3142 6478 XOR
2 1 4255 3143 6479 XOR
2 1 4256 3144 6480 XOR
2 1 4257 3145 6481 XOR


