1112 3337
2 1112 1112
1 1112

2 1 1166 54 2279 XOR
2 1 2066 954 3179 XOR
2 1 2067 955 3180 XOR
2 1 2068 956 3181 XOR
2 1 2069 957 3182 XOR
2 1 2070 958 3183 XOR
2 1 2071 959 3184 XOR
2 1 2072 960 3185 XOR
2 1 2073 961 3186 XOR
2 1 2074 962 3187 XOR
2 1 2075 963 3188 XOR
2 1 1167 55 2280 XOR
2 1 2076 964 3189 XOR
2 1 2077 965 3190 XOR
2 1 2078 966 3191 XOR
2 1 2079 967 3192 XOR
2 1 2080 968 3193 XOR
2 1 2081 969 3194 XOR
2 1 2082 970 3195 XOR
2 1 2083 971 3196 XOR
2 1 2084 972 3197 XOR
2 1 2085 973 3198 XOR
2 1 1168 56 2281 XOR
2 1 2086 974 3199 XOR
2 1 2087 975 3200 XOR
2 1 2088 976 3201 XOR
2 1 2089 977 3202 XOR
2 1 2090 978 3203 XOR
2 1 2091 979 3204 XOR
2 1 2092 980 3205 XOR
2 1 2093 981 3206 XOR
2 1 2094 982 3207 XOR
2 1 2095 983 3208 XOR
2 1 1169 57 2282 XOR
2 1 2096 984 3209 XOR
2 1 2097 985 3210 XOR
2 1 2098 986 3211 XOR
2 1 2099 987 3212 XOR
2 1 2100 988 3213 XOR
2 1 2101 989 3214 XOR
2 1 2102 990 3215 XOR
2 1 2103 991 3216 XOR
2 1 2104 992 3217 XOR
2 1 2105 993 3218 XOR
2 1 1170 58 2283 XOR
2 1 2106 994 3219 XOR
2 1 2107 995 3220 XOR
2 1 2108 996 3221 XOR
2 1 2109 997 3222 XOR
2 1 2110 998 3223 XOR
2 1 2111 999 3224 XOR
2 1 2112 1000 3225 XOR
2 1 2113 1001 3226 XOR
2 1 2114 1002 3227 XOR
2 1 2115 1003 3228 XOR
2 1 1171 59 2284 XOR
2 1 2116 1004 3229 XOR
2 1 2117 1005 3230 XOR
2 1 2118 1006 3231 XOR
2 1 2119 1007 3232 XOR
2 1 2120 1008 3233 XOR
2 1 2121 1009 3234 XOR
2 1 2122 1010 3235 XOR
2 1 2123 1011 3236 XOR
2 1 2124 1012 3237 XOR
2 1 2125 1013 3238 XOR
2 1 1172 60 2285 XOR
2 1 2126 1014 3239 XOR
2 1 2127 1015 3240 XOR
2 1 2128 1016 3241 XOR
2 1 2129 1017 3242 XOR
2 1 2130 1018 3243 XOR
2 1 2131 1019 3244 XOR
2 1 2132 1020 3245 XOR
2 1 2133 1021 3246 XOR
2 1 2134 1022 3247 XOR
2 1 2135 1023 3248 XOR
2 1 1173 61 2286 XOR
2 1 2136 1024 3249 XOR
2 1 2137 1025 3250 XOR
2 1 2138 1026 3251 XOR
2 1 2139 1027 3252 XOR
2 1 2140 1028 3253 XOR
2 1 2141 1029 3254 XOR
2 1 2142 1030 3255 XOR
2 1 2143 1031 3256 XOR
2 1 2144 1032 3257 XOR
2 1 2145 1033 3258 XOR
2 1 1174 62 2287 XOR
2 1 2146 1034 3259 XOR
2 1 2147 1035 3260 XOR
2 1 2148 1036 3261 XOR
2 1 2149 1037 3262 XOR
2 1 2150 1038 3263 XOR
2 1 2151 1039 3264 XOR
2 1 2152 1040 3265 XOR
2 1 2153 1041 3266 XOR
2 1 2154 1042 3267 XOR
2 1 2155 1043 3268 XOR
2 1 1175 63 2288 XOR
2 1 2156 1044 3269 XOR
2 1 2157 1045 3270 XOR
2 1 2158 1046 3271 XOR
2 1 2159 1047 3272 XOR
2 1 2160 1048 3273 XOR
2 1 2161 1049 3274 XOR
2 1 2162 1050 3275 XOR
2 1 2163 1051 3276 XOR
2 1 2164 1052 3277 XOR
2 1 2165 1053 3278 XOR
2 1 1176 64 2289 XOR
2 1 2166 1054 3279 XOR
2 1 2167 1055 3280 XOR
2 1 2168 1056 3281 XOR
2 1 2169 1057 3282 XOR
2 1 2170 1058 3283 XOR
2 1 2171 1059 3284 XOR
2 1 2172 1060 3285 XOR
2 1 2173 1061 3286 XOR
2 1 2174 1062 3287 XOR
2 1 2175 1063 3288 XOR
2 1 1177 65 2290 XOR
2 1 2176 1064 3289 XOR
2 1 2177 1065 3290 XOR
2 1 2178 1066 3291 XOR
2 1 2179 1067 3292 XOR
2 1 2180 1068 3293 XOR
2 1 2181 1069 3294 XOR
2 1 2182 1070 3295 XOR
2 1 2183 1071 3296 XOR
2 1 2184 1072 3297 XOR
2 1 2185 1073 3298 XOR
2 1 1178 66 2291 XOR
2 1 2186 1074 3299 XOR
2 1 2187 1075 3300 XOR
2 1 2188 1076 3301 XOR
2 1 2189 1077 3302 XOR
2 1 2190 1078 3303 XOR
2 1 2191 1079 3304 XOR
2 1 2192 1080 3305 XOR
2 1 2193 1081 3306 XOR
2 1 2194 1082 3307 XOR
2 1 2195 1083 3308 XOR
2 1 1179 67 2292 XOR
2 1 2196 1084 3309 XOR
2 1 2197 1085 3310 XOR
2 1 2198 1086 3311 XOR
2 1 2199 1087 3312 XOR
2 1 2200 1088 3313 XOR
2 1 2201 1089 3314 XOR
2 1 2202 1090 3315 XOR
2 1 2203 1091 3316 XOR
2 1 2204 1092 3317 XOR
2 1 2205 1093 3318 XOR
2 1 1180 68 2293 XOR
2 1 2206 1094 3319 XOR
2 1 2207 1095 3320 XOR
2 1 2208 1096 3321 XOR
2 1 2209 1097 3322 XOR
2 1 2210 1098 3323 XOR
2 1 2211 1099 3324 XOR
2 1 2212 1100 3325 XOR
2 1 2213 1101 3326 XOR
2 1 2214 1102 3327 XOR
2 1 2215 1103 3328 XOR
2 1 1181 69 2294 XOR
2 1 2216 1104 3329 XOR
2 1 2217 1105 3330 XOR
2 1 2218 1106 3331 XOR
2 1 2219 1107 3332 XOR
2 1 2220 1108 3333 XOR
2 1 2221 1109 3334 XOR
2 1 2222 1110 3335 XOR
2 1 2223 1111 3336 XOR
2 1 1182 70 2295 XOR
2 1 1183 71 2296 XOR
2 1 1184 72 2297 XOR
2 1 1185 73 2298 XOR
2 1 1186 74 2299 XOR
2 1 1187 75 2300 XOR
2 1 1188 76 2301 XOR
2 1 1189 77 2302 XOR
2 1 1190 78 2303 XOR
2 1 1191 79 2304 XOR
2 1 1192 80 2305 XOR
2 1 1193 81 2306 XOR
2 1 1194 82 2307 XOR
2 1 1195 83 2308 XOR
2 1 1196 84 2309 XOR
2 1 1197 85 2310 XOR
2 1 1198 86 2311 XOR
2 1 1199 87 2312 XOR
2 1 1200 88 2313 XOR
2 1 1201 89 2314 XOR
2 1 1202 90 2315 XOR
2 1 1203 91 2316 XOR
2 1 1204 92 2317 XOR
2 1 1205 93 2318 XOR
2 1 1206 94 2319 XOR
2 1 1207 95 2320 XOR
2 1 1208 96 2321 XOR
2 1 1209 97 2322 XOR
2 1 1210 98 2323 XOR
2 1 1211 99 2324 XOR
2 1 1212 100 2325 XOR
2 1 1213 101 2326 XOR
2 1 1214 102 2327 XOR
2 1 1215 103 2328 XOR
2 1 1216 104 2329 XOR
2 1 1217 105 2330 XOR
2 1 1218 106 2331 XOR
2 1 1219 107 2332 XOR
2 1 1220 108 2333 XOR
2 1 1221 109 2334 XOR
2 1 1222 110 2335 XOR
2 1 1223 111 2336 XOR
2 1 1224 112 2337 XOR
2 1 1225 113 2338 XOR
2 1 1226 114 2339 XOR
2 1 1227 115 2340 XOR
2 1 1228 116 2341 XOR
2 1 1229 117 2342 XOR
2 1 1230 118 2343 XOR
2 1 1231 119 2344 XOR
2 1 1232 120 2345 XOR
2 1 1233 121 2346 XOR
2 1 1234 122 2347 XOR
2 1 1235 123 2348 XOR
2 1 1236 124 2349 XOR
2 1 1237 125 2350 XOR
2 1 1238 126 2351 XOR
2 1 1239 127 2352 XOR
2 1 1240 128 2353 XOR
2 1 1241 129 2354 XOR
2 1 1242 130 2355 XOR
2 1 1243 131 2356 XOR
2 1 1244 132 2357 XOR
2 1 1245 133 2358 XOR
2 1 1246 134 2359 XOR
2 1 1247 135 2360 XOR
2 1 1248 136 2361 XOR
2 1 1249 137 2362 XOR
2 1 1250 138 2363 XOR
2 1 1251 139 2364 XOR
2 1 1252 140 2365 XOR
2 1 1253 141 2366 XOR
2 1 1254 142 2367 XOR
2 1 1255 143 2368 XOR
2 1 1256 144 2369 XOR
2 1 1257 145 2370 XOR
2 1 1258 146 2371 XOR
2 1 1259 147 2372 XOR
2 1 1260 148 2373 XOR
2 1 1261 149 2374 XOR
2 1 1262 150 2375 XOR
2 1 1263 151 2376 XOR
2 1 1264 152 2377 XOR
2 1 1265 153 2378 XOR
2 1 1266 154 2379 XOR
2 1 1267 155 2380 XOR
2 1 1268 156 2381 XOR
2 1 1269 157 2382 XOR
2 1 1270 158 2383 XOR
2 1 1271 159 2384 XOR
2 1 1272 160 2385 XOR
2 1 1273 161 2386 XOR
2 1 1274 162 2387 XOR
2 1 1275 163 2388 XOR
2 1 1276 164 2389 XOR
2 1 1277 165 2390 XOR
2 1 1278 166 2391 XOR
2 1 1279 167 2392 XOR
2 1 1280 168 2393 XOR
2 1 1281 169 2394 XOR
2 1 1282 170 2395 XOR
2 1 1283 171 2396 XOR
2 1 1284 172 2397 XOR
2 1 1285 173 2398 XOR
2 1 1286 174 2399 XOR
2 1 1287 175 2400 XOR
2 1 1288 176 2401 XOR
2 1 1289 177 2402 XOR
2 1 1290 178 2403 XOR
2 1 1291 179 2404 XOR
2 1 1292 180 2405 XOR
2 1 1293 181 2406 XOR
2 1 1294 182 2407 XOR
2 1 1295 183 2408 XOR
2 1 1296 184 2409 XOR
2 1 1297 185 2410 XOR
2 1 1298 186 2411 XOR
2 1 1299 187 2412 XOR
2 1 1300 188 2413 XOR
2 1 1301 189 2414 XOR
2 1 1302 190 2415 XOR
2 1 1303 191 2416 XOR
2 1 1304 192 2417 XOR
2 1 1305 193 2418 XOR
2 1 1306 194 2419 XOR
2 1 1307 195 2420 XOR
2 1 1308 196 2421 XOR
2 1 1309 197 2422 XOR
2 1 1310 198 2423 XOR
2 1 1311 199 2424 XOR
2 1 1312 200 2425 XOR
2 1 1313 201 2426 XOR
2 1 1314 202 2427 XOR
2 1 1315 203 2428 XOR
2 1 1316 204 2429 XOR
2 1 1317 205 2430 XOR
2 1 1318 206 2431 XOR
2 1 1319 207 2432 XOR
2 1 1320 208 2433 XOR
2 1 1321 209 2434 XOR
2 1 1322 210 2435 XOR
2 1 1323 211 2436 XOR
2 1 1324 212 2437 XOR
2 1 1325 213 2438 XOR
2 1 1326 214 2439 XOR
2 1 1327 215 2440 XOR
2 1 1328 216 2441 XOR
2 1 1329 217 2442 XOR
2 1 1330 218 2443 XOR
2 1 1331 219 2444 XOR
2 1 1332 220 2445 XOR
2 1 1333 221 2446 XOR
2 1 1334 222 2447 XOR
2 1 1335 223 2448 XOR
2 1 1336 224 2449 XOR
2 1 1337 225 2450 XOR
2 1 1338 226 2451 XOR
2 1 1339 227 2452 XOR
2 1 1340 228 2453 XOR
2 1 1341 229 2454 XOR
2 1 1342 230 2455 XOR
2 1 1343 231 2456 XOR
2 1 1344 232 2457 XOR
2 1 1345 233 2458 XOR
2 1 1346 234 2459 XOR
2 1 1347 235 2460 XOR
2 1 1348 236 2461 XOR
2 1 1349 237 2462 XOR
2 1 1350 238 2463 XOR
2 1 1351 239 2464 XOR
2 1 1352 240 2465 XOR
2 1 1353 241 2466 XOR
2 1 1354 242 2467 XOR
2 1 1355 243 2468 XOR
2 1 1356 244 2469 XOR
2 1 1357 245 2470 XOR
2 1 1358 246 2471 XOR
2 1 1359 247 2472 XOR
2 1 1360 248 2473 XOR
2 1 1361 249 2474 XOR
2 1 1362 250 2475 XOR
2 1 1363 251 2476 XOR
2 1 1364 252 2477 XOR
2 1 1365 253 2478 XOR
2 1 1366 254 2479 XOR
2 1 1367 255 2480 XOR
2 1 1368 256 2481 XOR
2 1 1369 257 2482 XOR
2 1 1370 258 2483 XOR
2 1 1371 259 2484 XOR
2 1 1372 260 2485 XOR
2 1 1373 261 2486 XOR
2 1 1374 262 2487 XOR
2 1 1375 263 2488 XOR
2 1 1376 264 2489 XOR
2 1 1377 265 2490 XOR
2 1 1378 266 2491 XOR
2 1 1379 267 2492 XOR
2 1 1380 268 2493 XOR
2 1 1381 269 2494 XOR
2 1 1382 270 2495 XOR
2 1 1383 271 2496 XOR
2 1 1384 272 2497 XOR
2 1 1385 273 2498 XOR
2 1 1386 274 2499 XOR
2 1 1387 275 2500 XOR
2 1 1388 276 2501 XOR
2 1 1389 277 2502 XOR
2 1 1390 278 2503 XOR
2 1 1391 279 2504 XOR
2 1 1392 280 2505 XOR
2 1 1393 281 2506 XOR
2 1 1394 282 2507 XOR
2 1 1395 283 2508 XOR
2 1 1396 284 2509 XOR
2 1 1397 285 2510 XOR
2 1 1398 286 2511 XOR
2 1 1399 287 2512 XOR
2 1 1400 288 2513 XOR
2 1 1401 289 2514 XOR
2 1 1402 290 2515 XOR
2 1 1403 291 2516 XOR
2 1 1404 292 2517 XOR
2 1 1405 293 2518 XOR
2 1 1406 294 2519 XOR
2 1 1407 295 2520 XOR
2 1 1408 296 2521 XOR
2 1 1409 297 2522 XOR
2 1 1410 298 2523 XOR
2 1 1411 299 2524 XOR
2 1 1412 300 2525 XOR
2 1 1413 301 2526 XOR
2 1 1414 302 2527 XOR
2 1 1415 303 2528 XOR
2 1 1416 304 2529 XOR
2 1 1417 305 2530 XOR
2 1 1418 306 2531 XOR
2 1 1419 307 2532 XOR
2 1 1420 308 2533 XOR
2 1 1421 309 2534 XOR
2 1 1422 310 2535 XOR
2 1 1423 311 2536 XOR
2 1 1424 312 2537 XOR
2 1 1425 313 2538 XOR
2 1 1426 314 2539 XOR
2 1 1427 315 2540 XOR
2 1 1428 316 2541 XOR
2 1 1429 317 2542 XOR
2 1 1430 318 2543 XOR
2 1 1431 319 2544 XOR
2 1 1432 320 2545 XOR
2 1 1433 321 2546 XOR
2 1 1434 322 2547 XOR
2 1 1435 323 2548 XOR
2 1 1436 324 2549 XOR
2 1 1437 325 2550 XOR
2 1 1438 326 2551 XOR
2 1 1439 327 2552 XOR
2 1 1440 328 2553 XOR
2 1 1441 329 2554 XOR
2 1 1442 330 2555 XOR
2 1 1443 331 2556 XOR
2 1 1444 332 2557 XOR
2 1 1445 333 2558 XOR
2 1 1446 334 2559 XOR
2 1 1447 335 2560 XOR
2 1 1448 336 2561 XOR
2 1 1449 337 2562 XOR
2 1 1450 338 2563 XOR
2 1 1451 339 2564 XOR
2 1 1452 340 2565 XOR
2 1 1453 341 2566 XOR
2 1 1454 342 2567 XOR
2 1 1455 343 2568 XOR
2 1 1456 344 2569 XOR
2 1 1457 345 2570 XOR
2 1 1458 346 2571 XOR
2 1 1459 347 2572 XOR
2 1 1460 348 2573 XOR
2 1 1461 349 2574 XOR
2 1 1462 350 2575 XOR
2 1 1463 351 2576 XOR
2 1 1464 352 2577 XOR
2 1 1465 353 2578 XOR
2 1 1466 354 2579 XOR
2 1 1467 355 2580 XOR
2 1 1468 356 2581 XOR
2 1 1469 357 2582 XOR
2 1 1470 358 2583 XOR
2 1 1471 359 2584 XOR
2 1 1472 360 2585 XOR
2 1 1473 361 2586 XOR
2 1 1474 362 2587 XOR
2 1 1475 363 2588 XOR
2 1 1476 364 2589 XOR
2 1 1477 365 2590 XOR
2 1 1478 366 2591 XOR
2 1 1479 367 2592 XOR
2 1 1480 368 2593 XOR
2 1 1481 369 2594 XOR
2 1 1482 370 2595 XOR
2 1 1483 371 2596 XOR
2 1 1484 372 2597 XOR
2 1 1485 373 2598 XOR
2 1 1486 374 2599 XOR
2 1 1487 375 2600 XOR
2 1 1488 376 2601 XOR
2 1 1489 377 2602 XOR
2 1 1490 378 2603 XOR
2 1 1491 379 2604 XOR
2 1 1492 380 2605 XOR
2 1 1493 381 2606 XOR
2 1 1494 382 2607 XOR
2 1 1495 383 2608 XOR
2 1 1496 384 2609 XOR
2 1 1497 385 2610 XOR
2 1 1498 386 2611 XOR
2 1 1499 387 2612 XOR
2 1 1500 388 2613 XOR
2 1 1501 389 2614 XOR
2 1 1502 390 2615 XOR
2 1 1503 391 2616 XOR
2 1 1504 392 2617 XOR
2 1 1505 393 2618 XOR
2 1 1506 394 2619 XOR
2 1 1507 395 2620 XOR
2 1 1508 396 2621 XOR
2 1 1509 397 2622 XOR
2 1 1510 398 2623 XOR
2 1 1511 399 2624 XOR
2 1 1512 400 2625 XOR
2 1 1513 401 2626 XOR
2 1 1514 402 2627 XOR
2 1 1515 403 2628 XOR
2 1 1516 404 2629 XOR
2 1 1517 405 2630 XOR
2 1 1518 406 2631 XOR
2 1 1519 407 2632 XOR
2 1 1520 408 2633 XOR
2 1 1521 409 2634 XOR
2 1 1522 410 2635 XOR
2 1 1523 411 2636 XOR
2 1 1524 412 2637 XOR
2 1 1525 413 2638 XOR
2 1 1112 0 2225 XOR
2 1 1526 414 2639 XOR
2 1 1527 415 2640 XOR
2 1 1528 416 2641 XOR
2 1 1529 417 2642 XOR
2 1 1530 418 2643 XOR
2 1 1531 419 2644 XOR
2 1 1532 420 2645 XOR
2 1 1533 421 2646 XOR
2 1 1534 422 2647 XOR
2 1 1535 423 2648 XOR
2 1 1113 1 2226 XOR
2 1 1536 424 2649 XOR
2 1 1537 425 2650 XOR
2 1 1538 426 2651 XOR
2 1 1539 427 2652 XOR
2 1 1540 428 2653 XOR
2 1 1541 429 2654 XOR
2 1 1542 430 2655 XOR
2 1 1543 431 2656 XOR
2 1 1544 432 2657 XOR
2 1 1545 433 2658 XOR
2 1 1114 2 2227 XOR
2 1 1546 434 2659 XOR
2 1 1547 435 2660 XOR
2 1 1548 436 2661 XOR
2 1 1549 437 2662 XOR
2 1 1550 438 2663 XOR
2 1 1551 439 2664 XOR
2 1 1552 440 2665 XOR
2 1 1553 441 2666 XOR
2 1 1554 442 2667 XOR
2 1 1555 443 2668 XOR
2 1 1115 3 2228 XOR
2 1 1556 444 2669 XOR
2 1 1557 445 2670 XOR
2 1 1558 446 2671 XOR
2 1 1559 447 2672 XOR
2 1 1560 448 2673 XOR
2 1 1561 449 2674 XOR
2 1 1562 450 2675 XOR
2 1 1563 451 2676 XOR
2 1 1564 452 2677 XOR
2 1 1565 453 2678 XOR
2 1 1116 4 2229 XOR
2 1 1566 454 2679 XOR
2 1 1567 455 2680 XOR
2 1 1568 456 2681 XOR
2 1 1569 457 2682 XOR
2 1 1570 458 2683 XOR
2 1 1571 459 2684 XOR
2 1 1572 460 2685 XOR
2 1 1573 461 2686 XOR
2 1 1574 462 2687 XOR
2 1 1575 463 2688 XOR
2 1 1117 5 2230 XOR
2 1 1576 464 2689 XOR
2 1 1577 465 2690 XOR
2 1 1578 466 2691 XOR
2 1 1579 467 2692 XOR
2 1 1580 468 2693 XOR
2 1 1581 469 2694 XOR
2 1 1582 470 2695 XOR
2 1 1583 471 2696 XOR
2 1 1584 472 2697 XOR
2 1 1585 473 2698 XOR
2 1 1118 6 2231 XOR
2 1 1586 474 2699 XOR
2 1 1587 475 2700 XOR
2 1 1588 476 2701 XOR
2 1 1589 477 2702 XOR
2 1 1590 478 2703 XOR
2 1 1591 479 2704 XOR
2 1 1592 480 2705 XOR
2 1 1593 481 2706 XOR
2 1 1594 482 2707 XOR
2 1 1595 483 2708 XOR
2 1 1119 7 2232 XOR
2 1 1596 484 2709 XOR
2 1 1597 485 2710 XOR
2 1 1598 486 2711 XOR
2 1 1599 487 2712 XOR
2 1 1600 488 2713 XOR
2 1 1601 489 2714 XOR
2 1 1602 490 2715 XOR
2 1 1603 491 2716 XOR
2 1 1604 492 2717 XOR
2 1 1605 493 2718 XOR
2 1 1120 8 2233 XOR
2 1 1606 494 2719 XOR
2 1 1607 495 2720 XOR
2 1 1608 496 2721 XOR
2 1 1609 497 2722 XOR
2 1 1610 498 2723 XOR
2 1 1611 499 2724 XOR
2 1 1612 500 2725 XOR
2 1 1613 501 2726 XOR
2 1 1614 502 2727 XOR
2 1 1615 503 2728 XOR
2 1 1121 9 2234 XOR
2 1 1616 504 2729 XOR
2 1 1617 505 2730 XOR
2 1 1618 506 2731 XOR
2 1 1619 507 2732 XOR
2 1 1620 508 2733 XOR
2 1 1621 509 2734 XOR
2 1 1622 510 2735 XOR
2 1 1623 511 2736 XOR
2 1 1624 512 2737 XOR
2 1 1625 513 2738 XOR
2 1 1122 10 2235 XOR
2 1 1626 514 2739 XOR
2 1 1627 515 2740 XOR
2 1 1628 516 2741 XOR
2 1 1629 517 2742 XOR
2 1 1630 518 2743 XOR
2 1 1631 519 2744 XOR
2 1 1632 520 2745 XOR
2 1 1633 521 2746 XOR
2 1 1634 522 2747 XOR
2 1 1635 523 2748 XOR
2 1 1123 11 2236 XOR
2 1 1636 524 2749 XOR
2 1 1637 525 2750 XOR
2 1 1638 526 2751 XOR
2 1 1639 527 2752 XOR
2 1 1640 528 2753 XOR
2 1 1641 529 2754 XOR
2 1 1642 530 2755 XOR
2 1 1643 531 2756 XOR
2 1 1644 532 2757 XOR
2 1 1645 533 2758 XOR
2 1 1124 12 2237 XOR
2 1 1646 534 2759 XOR
2 1 1647 535 2760 XOR
2 1 1648 536 2761 XOR
2 1 1649 537 2762 XOR
2 1 1650 538 2763 XOR
2 1 1651 539 2764 XOR
2 1 1652 540 2765 XOR
2 1 1653 541 2766 XOR
2 1 1654 542 2767 XOR
2 1 1655 543 2768 XOR
2 1 1125 13 2238 XOR
2 1 1656 544 2769 XOR
2 1 1657 545 2770 XOR
2 1 1658 546 2771 XOR
2 1 1659 547 2772 XOR
2 1 1660 548 2773 XOR
2 1 1661 549 2774 XOR
2 1 1662 550 2775 XOR
2 1 1663 551 2776 XOR
2 1 1664 552 2777 XOR
2 1 1665 553 2778 XOR
2 1 1126 14 2239 XOR
2 1 1666 554 2779 XOR
2 1 1667 555 2780 XOR
2 1 1668 556 2781 XOR
2 1 1669 557 2782 XOR
2 1 1670 558 2783 XOR
2 1 1671 559 2784 XOR
2 1 1672 560 2785 XOR
2 1 1673 561 2786 XOR
2 1 1674 562 2787 XOR
2 1 1675 563 2788 XOR
2 1 1127 15 2240 XOR
2 1 1676 564 2789 XOR
2 1 1677 565 2790 XOR
2 1 1678 566 2791 XOR
2 1 1679 567 2792 XOR
2 1 1680 568 2793 XOR
2 1 1681 569 2794 XOR
2 1 1682 570 2795 XOR
2 1 1683 571 2796 XOR
2 1 1684 572 2797 XOR
2 1 1685 573 2798 XOR
2 1 1128 16 2241 XOR
2 1 1686 574 2799 XOR
2 1 1687 575 2800 XOR
2 1 1688 576 2801 XOR
2 1 1689 577 2802 XOR
2 1 1690 578 2803 XOR
2 1 1691 579 2804 XOR
2 1 1692 580 2805 XOR
2 1 1693 581 2806 XOR
2 1 1694 582 2807 XOR
2 1 1695 583 2808 XOR
2 1 1129 17 2242 XOR
2 1 1696 584 2809 XOR
2 1 1697 585 2810 XOR
2 1 1698 586 2811 XOR
2 1 1699 587 2812 XOR
2 1 1700 588 2813 XOR
2 1 1701 589 2814 XOR
2 1 1702 590 2815 XOR
2 1 1703 591 2816 XOR
2 1 1704 592 2817 XOR
2 1 1705 593 2818 XOR
2 1 1130 18 2243 XOR
2 1 1706 594 2819 XOR
2 1 1707 595 2820 XOR
2 1 1708 596 2821 XOR
2 1 1709 597 2822 XOR
2 1 1710 598 2823 XOR
2 1 1711 599 2824 XOR
2 1 1712 600 2825 XOR
2 1 1713 601 2826 XOR
2 1 1714 602 2827 XOR
2 1 1715 603 2828 XOR
2 1 1131 19 2244 XOR
2 1 1716 604 2829 XOR
2 1 1717 605 2830 XOR
2 1 1718 606 2831 XOR
2 1 1719 607 2832 XOR
2 1 1720 608 2833 XOR
2 1 1721 609 2834 XOR
2 1 1722 610 2835 XOR
2 1 1723 611 2836 XOR
2 1 1724 612 2837 XOR
2 1 1725 613 2838 XOR
2 1 1132 20 2245 XOR
2 1 1726 614 2839 XOR
2 1 1727 615 2840 XOR
2 1 1728 616 2841 XOR
2 1 1729 617 2842 XOR
2 1 1730 618 2843 XOR
2 1 1731 619 2844 XOR
2 1 1732 620 2845 XOR
2 1 1733 621 2846 XOR
2 1 1734 622 2847 XOR
2 1 1735 623 2848 XOR
2 1 1133 21 2246 XOR
2 1 1736 624 2849 XOR
2 1 1737 625 2850 XOR
2 1 1738 626 2851 XOR
2 1 1739 627 2852 XOR
2 1 1740 628 2853 XOR
2 1 1741 629 2854 XOR
2 1 1742 630 2855 XOR
2 1 1743 631 2856 XOR
2 1 1744 632 2857 XOR
2 1 1745 633 2858 XOR
2 1 1134 22 2247 XOR
2 1 1746 634 2859 XOR
2 1 1747 635 2860 XOR
2 1 1748 636 2861 XOR
2 1 1749 637 2862 XOR
2 1 1750 638 2863 XOR
2 1 1751 639 2864 XOR
2 1 1752 640 2865 XOR
2 1 1753 641 2866 XOR
2 1 1754 642 2867 XOR
2 1 1755 643 2868 XOR
2 1 1135 23 2248 XOR
2 1 1756 644 2869 XOR
2 1 1757 645 2870 XOR
2 1 1758 646 2871 XOR
2 1 1759 647 2872 XOR
2 1 1760 648 2873 XOR
2 1 1761 649 2874 XOR
2 1 1762 650 2875 XOR
2 1 1763 651 2876 XOR
2 1 1764 652 2877 XOR
2 1 1765 653 2878 XOR
2 1 1136 24 2249 XOR
2 1 1766 654 2879 XOR
2 1 1767 655 2880 XOR
2 1 1768 656 2881 XOR
2 1 1769 657 2882 XOR
2 1 1770 658 2883 XOR
2 1 1771 659 2884 XOR
2 1 1772 660 2885 XOR
2 1 1773 661 2886 XOR
2 1 1774 662 2887 XOR
2 1 1775 663 2888 XOR
2 1 1137 25 2250 XOR
2 1 1776 664 2889 XOR
2 1 1777 665 2890 XOR
2 1 1778 666 2891 XOR
2 1 1779 667 2892 XOR
2 1 1780 668 2893 XOR
2 1 1781 669 2894 XOR
2 1 1782 670 2895 XOR
2 1 1783 671 2896 XOR
2 1 1784 672 2897 XOR
2 1 1785 673 2898 XOR
2 1 1138 26 2251 XOR
2 1 1786 674 2899 XOR
2 1 1787 675 2900 XOR
2 1 1788 676 2901 XOR
2 1 1789 677 2902 XOR
2 1 1790 678 2903 XOR
2 1 1791 679 2904 XOR
2 1 1792 680 2905 XOR
2 1 1793 681 2906 XOR
2 1 1794 682 2907 XOR
2 1 1795 683 2908 XOR
2 1 1139 27 2252 XOR
2 1 1796 684 2909 XOR
2 1 1797 685 2910 XOR
2 1 1798 686 2911 XOR
2 1 1799 687 2912 XOR
2 1 1800 688 2913 XOR
2 1 1801 689 2914 XOR
2 1 1802 690 2915 XOR
2 1 1803 691 2916 XOR
2 1 1804 692 2917 XOR
2 1 1805 693 2918 XOR
2 1 1140 28 2253 XOR
2 1 1806 694 2919 XOR
2 1 1807 695 2920 XOR
2 1 1808 696 2921 XOR
2 1 1809 697 2922 XOR
2 1 1810 698 2923 XOR
2 1 1811 699 2924 XOR
2 1 1812 700 2925 XOR
2 1 1813 701 2926 XOR
2 1 1814 702 2927 XOR
2 1 1815 703 2928 XOR
2 1 1141 29 2254 XOR
2 1 1816 704 2929 XOR
2 1 1817 705 2930 XOR
2 1 1818 706 2931 XOR
2 1 1819 707 2932 XOR
2 1 1820 708 2933 XOR
2 1 1821 709 2934 XOR
2 1 1822 710 2935 XOR
2 1 1823 711 2936 XOR
2 1 1824 712 2937 XOR
2 1 1825 713 2938 XOR
2 1 1142 30 2255 XOR
2 1 1826 714 2939 XOR
2 1 1827 715 2940 XOR
2 1 1828 716 2941 XOR
2 1 1829 717 2942 XOR
2 1 1830 718 2943 XOR
2 1 1831 719 2944 XOR
2 1 1832 720 2945 XOR
2 1 1833 721 2946 XOR
2 1 1834 722 2947 XOR
2 1 1835 723 2948 XOR
2 1 1143 31 2256 XOR
2 1 1836 724 2949 XOR
2 1 1837 725 2950 XOR
2 1 1838 726 2951 XOR
2 1 1839 727 2952 XOR
2 1 1840 728 2953 XOR
2 1 1841 729 2954 XOR
2 1 1842 730 2955 XOR
2 1 1843 731 2956 XOR
2 1 1844 732 2957 XOR
2 1 1845 733 2958 XOR
2 1 1144 32 2257 XOR
2 1 1846 734 2959 XOR
2 1 1847 735 2960 XOR
2 1 1848 736 2961 XOR
2 1 1849 737 2962 XOR
2 1 1850 738 2963 XOR
2 1 1851 739 2964 XOR
2 1 1852 740 2965 XOR
2 1 1853 741 2966 XOR
2 1 1854 742 2967 XOR
2 1 1855 743 2968 XOR
2 1 1145 33 2258 XOR
2 1 1856 744 2969 XOR
2 1 1857 745 2970 XOR
2 1 1858 746 2971 XOR
2 1 1859 747 2972 XOR
2 1 1860 748 2973 XOR
2 1 1861 749 2974 XOR
2 1 1862 750 2975 XOR
2 1 1863 751 2976 XOR
2 1 1864 752 2977 XOR
2 1 1865 753 2978 XOR
2 1 1146 34 2259 XOR
2 1 1866 754 2979 XOR
2 1 1867 755 2980 XOR
2 1 1868 756 2981 XOR
2 1 1869 757 2982 XOR
2 1 1870 758 2983 XOR
2 1 1871 759 2984 XOR
2 1 1872 760 2985 XOR
2 1 1873 761 2986 XOR
2 1 1874 762 2987 XOR
2 1 1875 763 2988 XOR
2 1 1147 35 2260 XOR
2 1 1876 764 2989 XOR
2 1 1877 765 2990 XOR
2 1 1878 766 2991 XOR
2 1 1879 767 2992 XOR
2 1 1880 768 2993 XOR
2 1 1881 769 2994 XOR
2 1 1882 770 2995 XOR
2 1 1883 771 2996 XOR
2 1 1884 772 2997 XOR
2 1 1885 773 2998 XOR
2 1 1148 36 2261 XOR
2 1 1886 774 2999 XOR
2 1 1887 775 3000 XOR
2 1 1888 776 3001 XOR
2 1 1889 777 3002 XOR
2 1 1890 778 3003 XOR
2 1 1891 779 3004 XOR
2 1 1892 780 3005 XOR
2 1 1893 781 3006 XOR
2 1 1894 782 3007 XOR
2 1 1895 783 3008 XOR
2 1 1149 37 2262 XOR
2 1 1896 784 3009 XOR
2 1 1897 785 3010 XOR
2 1 1898 786 3011 XOR
2 1 1899 787 3012 XOR
2 1 1900 788 3013 XOR
2 1 1901 789 3014 XOR
2 1 1902 790 3015 XOR
2 1 1903 791 3016 XOR
2 1 1904 792 3017 XOR
2 1 1905 793 3018 XOR
2 1 1150 38 2263 XOR
2 1 1906 794 3019 XOR
2 1 1907 795 3020 XOR
2 1 1908 796 3021 XOR
2 1 1909 797 3022 XOR
2 1 1910 798 3023 XOR
2 1 1911 799 3024 XOR
2 1 1912 800 3025 XOR
2 1 1913 801 3026 XOR
2 1 1914 802 3027 XOR
2 1 1915 803 3028 XOR
2 1 1151 39 2264 XOR
2 1 1916 804 3029 XOR
2 1 1917 805 3030 XOR
2 1 1918 806 3031 XOR
2 1 1919 807 3032 XOR
2 1 1920 808 3033 XOR
2 1 1921 809 3034 XOR
2 1 1922 810 3035 XOR
2 1 1923 811 3036 XOR
2 1 1924 812 3037 XOR
2 1 1925 813 3038 XOR
2 1 1152 40 2265 XOR
2 1 1926 814 3039 XOR
2 1 1927 815 3040 XOR
2 1 1928 816 3041 XOR
2 1 1929 817 3042 XOR
2 1 1930 818 3043 XOR
2 1 1931 819 3044 XOR
2 1 1932 820 3045 XOR
2 1 1933 821 3046 XOR
2 1 1934 822 3047 XOR
2 1 1935 823 3048 XOR
2 1 1153 41 2266 XOR
2 1 1936 824 3049 XOR
2 1 1937 825 3050 XOR
2 1 1938 826 3051 XOR
2 1 1939 827 3052 XOR
2 1 1940 828 3053 XOR
2 1 1941 829 3054 XOR
2 1 1942 830 3055 XOR
2 1 1943 831 3056 XOR
2 1 1944 832 3057 XOR
2 1 1945 833 3058 XOR
2 1 1154 42 2267 XOR
2 1 1946 834 3059 XOR
2 1 1947 835 3060 XOR
2 1 1948 836 3061 XOR
2 1 1949 837 3062 XOR
2 1 1950 838 3063 XOR
2 1 1951 839 3064 XOR
2 1 1952 840 3065 XOR
2 1 1953 841 3066 XOR
2 1 1954 842 3067 XOR
2 1 1955 843 3068 XOR
2 1 1155 43 2268 XOR
2 1 1956 844 3069 XOR
2 1 1957 845 3070 XOR
2 1 1958 846 3071 XOR
2 1 1959 847 3072 XOR
2 1 1960 848 3073 XOR
2 1 1961 849 3074 XOR
2 1 1962 850 3075 XOR
2 1 1963 851 3076 XOR
2 1 1964 852 3077 XOR
2 1 1965 853 3078 XOR
2 1 1156 44 2269 XOR
2 1 1966 854 3079 XOR
2 1 1967 855 3080 XOR
2 1 1968 856 3081 XOR
2 1 1969 857 3082 XOR
2 1 1970 858 3083 XOR
2 1 1971 859 3084 XOR
2 1 1972 860 3085 XOR
2 1 1973 861 3086 XOR
2 1 1974 862 3087 XOR
2 1 1975 863 3088 XOR
2 1 1157 45 2270 XOR
2 1 1976 864 3089 XOR
2 1 1977 865 3090 XOR
2 1 1978 866 3091 XOR
2 1 1979 867 3092 XOR
2 1 1980 868 3093 XOR
2 1 1981 869 3094 XOR
2 1 1982 870 3095 XOR
2 1 1983 871 3096 XOR
2 1 1984 872 3097 XOR
2 1 1985 873 3098 XOR
2 1 1158 46 2271 XOR
2 1 1986 874 3099 XOR
2 1 1987 875 3100 XOR
2 1 1988 876 3101 XOR
2 1 1989 877 3102 XOR
2 1 1990 878 3103 XOR
2 1 1991 879 3104 XOR
2 1 1992 880 3105 XOR
2 1 1993 881 3106 XOR
2 1 1994 882 3107 XOR
2 1 1995 883 3108 XOR
2 1 1159 47 2272 XOR
2 1 1996 884 3109 XOR
2 1 1997 885 3110 XOR
2 1 1998 886 3111 XOR
2 1 1999 887 3112 XOR
2 1 2000 888 3113 XOR
2 1 2001 889 3114 XOR
2 1 2002 890 3115 XOR
2 1 2003 891 3116 XOR
2 1 2004 892 3117 XOR
2 1 2005 893 3118 XOR
2 1 1160 48 2273 XOR
2 1 2006 894 3119 XOR
2 1 2007 895 3120 XOR
2 1 2008 896 3121 XOR
2 1 2009 897 3122 XOR
2 1 2010 898 3123 XOR
2 1 2011 899 3124 XOR
2 1 2012 900 3125 XOR
2 1 2013 901 3126 XOR
2 1 2014 902 3127 XOR
2 1 2015 903 3128 XOR
2 1 1161 49 2274 XOR
2 1 2016 904 3129 XOR
2 1 2017 905 3130 XOR
2 1 2018 906 3131 XOR
2 1 2019 907 3132 XOR
2 1 2020 908 3133 XOR
2 1 2021 909 3134 XOR
2 1 2022 910 3135 XOR
2 1 2023 911 3136 XOR
2 1 2024 912 3137 XOR
2 1 2025 913 3138 XOR
2 1 1162 50 2275 XOR
2 1 2026 914 3139 XOR
2 1 2027 915 3140 XOR
2 1 2028 916 3141 XOR
2 1 2029 917 3142 XOR
2 1 2030 918 3143 XOR
2 1 2031 919 3144 XOR
2 1 2032 920 3145 XOR
2 1 2033 921 3146 XOR
2 1 2034 922 3147 XOR
2 1 2035 923 3148 XOR
2 1 1163 51 2276 XOR
2 1 2036 924 3149 XOR
2 1 2037 925 3150 XOR
2 1 2038 926 3151 XOR
2 1 2039 927 3152 XOR
2 1 2040 928 3153 XOR
2 1 2041 929 3154 XOR
2 1 2042 930 3155 XOR
2 1 2043 931 3156 XOR
2 1 2044 932 3157 XOR
2 1 2045 933 3158 XOR
2 1 1164 52 2277 XOR
2 1 2046 934 3159 XOR
2 1 2047 935 3160 XOR
2 1 2048 936 3161 XOR
2 1 2049 937 3162 XOR
2 1 2050 938 3163 XOR
2 1 2051 939 3164 XOR
2 1 2052 940 3165 XOR
2 1 2053 941 3166 XOR
2 1 2054 942 3167 XOR
2 1 2055 943 3168 XOR
2 1 1165 53 2278 XOR
2 1 2056 944 3169 XOR
2 1 2057 945 3170 XOR
2 1 2058 946 3171 XOR
2 1 2059 947 3172 XOR
2 1 2060 948 3173 XOR
2 1 2061 949 3174 XOR
2 1 2062 950 3175 XOR
2 1 2063 951 3176 XOR
2 1 2064 952 3177 XOR
2 1 2065 953 3178 XOR


